0;185;12;146;26;8;150;171;109;43
185;0;97;42;94;167;-1;186;161;134
12;97;0;80;37;-1;128;94;92;141
146;42;80;0;-1;109;124;197;-1;40
26;94;37;-1;0;208;-1;62;196;190
8;167;-1;109;208;0;-1;20;16;65
150;-1;128;124;-1;-1;0;44;26;170
171;186;94;197;62;20;44;0;74;53
109;161;92;-1;196;16;26;74;0;184
43;134;141;40;190;65;170;53;184;0

5;6
