0;73;89;21;122;-1;96;9;124;129
73;0;26;129;-1;134;-1;6;165;170
89;26;0;141;56;100;101;173;35;144
21;129;141;0;143;195;-1;77;83;6
122;-1;56;143;0;141;40;-1;171;87
-1;134;100;195;141;0;-1;100;119;140
96;-1;101;-1;40;-1;0;40;43;11
9;6;173;77;-1;100;40;0;159;132
124;165;35;83;171;119;43;159;0;187
129;170;144;6;87;140;11;132;187;0

5;1;8;10;6
