0;183;157;30;75;-1;135;-1;135;-1
183;0;-1;-1;168;29;130;71;-1;40
157;-1;0;70;40;-1;32;-1;189;114
30;-1;70;0;151;23;53;145;197;-1
75;168;40;151;0;48;46;24;98;39
-1;29;-1;23;48;0;173;129;39;12
135;130;32;53;46;173;0;109;198;163
-1;71;-1;145;24;129;109;0;83;180
135;-1;189;197;98;39;198;83;0;25
-1;40;114;-1;39;12;163;180;25;0

10;5
